400 8
401 0
402 2
403 8
404 7
405 6
406 1
407 7
408 -1
409 6
410 7
411 7
412 -1
413 1
414 6
415 8
416 1
417 1
418 8
419 6
420 5
421 7
422 -1
423 2
424 6
425 3
426 5
427 6
428 6
429 1
430 5
431 5
432 6
433 -1
434 5
435 2
436 0
437 5
438 5
439 8
440 5
441 3
442 5
443 4
444 4
445 3
446 4
447 -1
448 0
449 7
450 0
451 -1
452 3
453 -1
454 5
455 8
456 5
457 0
458 4
459 2
460 0
461 6
462 2
463 8
464 -1
465 -1
466 -1
467 5
468 4
469 7
470 3
471 4
472 6
473 6
474 8
475 2
476 6
477 4
478 1
479 3
480 -1
481 1
