400 7
401 1
402 4
403 0
404 0
405 -1
406 -1
407 7
408 4
409 7
410 -1
411 8
412 8
413 5
414 7
415 8
416 1
417 4
418 7
419 0
420 8
421 7
422 5
423 0
424 -1
425 5
426 -1
427 3
428 5
429 7
430 4
431 7
432 0
433 -1
434 6
435 7
436 8
437 6
438 7
439 6
440 2
441 2
442 2
443 2
444 2
445 -1
446 3
447 -1
448 5
449 3
450 2
451 8
452 7
453 -1
454 0
455 2
456 3
457 7
458 -1
459 -1
460 5
461 7
462 -1
463 4
464 4
465 0
466 8
467 2
468 7
469 6
470 5
471 4
472 2
473 2
474 0
475 0
476 4
477 4
478 5
479 -1
480 1
481 5
482 4
