400 8
401 -1
402 3
403 1
404 7
405 0
406 -1
407 -1
408 6
409 6
410 1
411 0
412 -1
413 6
414 5
415 6
416 0
417 1
418 5
419 2
420 3
421 -1
422 7
423 7
424 4
425 7
426 -1
427 3
428 1
429 4
430 4
431 7
432 5
433 2
434 0
435 0
436 -1
437 0
438 8
439 0
440 6
441 7
442 5
443 0
444 2
445 0
446 1
447 3
448 2
449 0
450 0
451 5
452 2
453 6
454 7
455 6
456 -1
457 3
458 6
459 6
460 3
461 6
462 2
463 0
464 -1
465 1
466 6
467 4
468 2
469 1
470 4
471 8
472 6
473 -1
474 7
475 2
476 0
477 2
478 2
479 1
480 0
481 -1
482 -1
483 8
484 4
485 6
486 6
487 3
488 4
489 4
490 2
491 2
492 -1
493 5
494 8
