400 7
401 1
402 1
403 6
404 2
405 6
406 0
407 -1
408 1
409 4
410 5
411 8
412 2
413 8
414 1
415 7
416 7
417 1
418 6
419 2
420 2
421 2
422 3
423 2
424 5
425 3
426 -1
427 8
428 2
429 4
430 2
431 2
432 -1
433 2
434 3
435 1
436 1
437 7
438 7
439 -1
440 4
441 4
442 7
443 5
444 0
445 7
446 0
447 -1
448 2
449 6
450 0
451 3
452 7
453 3
454 5
455 3
456 0
457 -1
458 3
459 5
460 0
461 1
462 -1
463 -1
464 3
465 2
466 8
467 5
468 4
469 7
470 7
471 0
472 7
473 4
474 8
475 2
476 6
477 4
478 2
479 5
480 7
481 6
482 2
483 0
484 8
485 8
486 7
