400 -1
401 1
402 6
403 1
404 2
405 5
406 -1
407 -1
408 1
409 8
410 5
411 1
412 5
413 1
414 1
415 0
416 8
417 8
418 8
419 4
420 5
421 7
422 8
423 5
424 3
425 3
426 2
427 2
428 8
429 7
430 1
431 1
432 7
433 4
434 3
435 4
436 4
437 6
438 4
439 7
440 7
441 4
442 4
443 4
444 4
445 8
446 3
447 6
448 8
449 3
450 4
451 3
452 4
453 8
454 0
455 6
456 3
457 7
458 4
459 4
460 1
461 4
462 2
463 0
464 4
465 1
466 1
467 4
468 0
469 6
470 2
471 0
472 5
473 7
474 3
475 8
476 6
477 2
478 -1
479 2
480 0
481 3
482 2
483 4
484 6
485 -1
486 3
487 4
488 0
489 -1
490 0
491 0
492 5
493 8
494 7
495 6
496 3
