400 1
401 8
402 4
403 0
404 0
405 3
406 3
407 8
408 5
409 2
410 6
411 1
412 4
413 7
414 5
415 1
416 3
417 5
418 1
419 2
420 8
421 -1
422 3
423 -1
424 7
425 5
426 4
427 5
428 7
429 6
430 -1
431 1
432 2
433 0
434 3
435 5
436 0
437 1
438 4
439 3
440 -1
441 3
442 1
443 6
444 0
445 4
446 7
447 4
448 4
449 2
450 1
451 0
452 3
453 7
454 7
455 7
456 6
457 0
458 8
459 -1
460 8
461 3
462 5
463 7
464 5
465 6
466 3
467 0
468 3
469 6
470 7
471 8
472 5
473 8
474 5
475 7
476 3
477 3
478 7
479 4
480 5
481 7
482 2
483 2
484 7
485 2
486 7
487 2
488 -1
489 5
490 7
