400 1
401 1
402 5
403 1
404 -1
405 2
406 6
407 3
408 1
409 6
410 3
411 0
412 3
413 8
414 7
415 8
416 8
417 3
418 7
419 1
420 8
421 8
422 7
423 7
424 6
425 0
426 2
427 8
428 0
429 1
430 2
431 -1
432 -1
433 4
434 1
435 4
436 -1
437 -1
438 1
439 1
440 3
441 7
442 6
443 8
444 6
445 0
446 8
447 2
448 8
449 1
450 4
451 4
452 5
453 6
454 0
455 8
456 7
457 0
458 7
459 0
460 4
461 -1
462 6
463 2
464 5
465 1
466 0
467 4
468 6
469 5
470 1
471 6
472 1
473 1
474 -1
475 -1
476 3
477 6
478 2
479 5
480 -1
481 8
482 3
483 7
484 8
485 -1
486 6
487 4
488 4
489 -1
490 1
491 -1
492 4
493 0
494 6
495 5
496 2
