400 5
401 6
402 4
403 3
404 7
405 5
406 1
407 5
408 -1
409 1
410 -1
411 7
412 5
413 1
414 2
415 8
416 5
417 7
418 7
419 5
420 4
421 -1
422 8
423 1
424 6
425 3
426 7
427 -1
428 7
429 0
430 1
431 4
432 3
433 7
434 5
435 1
436 5
437 0
438 1
439 3
440 8
441 3
442 6
443 6
444 2
445 8
446 7
447 0
448 4
449 8
450 7
451 8
452 5
453 -1
454 5
455 5
456 5
457 8
458 6
459 8
460 5
461 0
462 2
463 2
464 0
465 -1
466 8
467 5
468 -1
469 7
470 7
471 0
472 6
473 2
474 5
475 2
476 0
477 8
478 1
479 7
480 5
481 5
482 4
483 7
484 1
485 5
486 5
487 3
488 0
489 8
490 0
491 4
492 4
493 2
494 5
495 7
496 3
497 6
