300 1
301 8
302 3
303 0
304 8
305 0
306 2
307 0
308 -1
309 0
310 1
311 5
312 5
313 7
314 2
315 0
316 7
317 4
318 7
319 -1
320 1
321 7
322 8
323 5
324 5
325 7
326 3
327 6
328 1
329 4
330 2
331 5
332 5
333 5
334 4
335 7
336 0
337 1
338 -1
339 1
340 7
341 3
342 3
343 7
344 4
345 7
346 7
347 1
348 8
349 8
350 3
351 3
352 5
353 7
354 3
355 7
356 1
357 1
358 -1
359 6
360 6
361 8
362 4
363 0
364 -1
365 3
366 5
367 4
368 6
369 2
370 7
371 3
372 -1
373 0
374 -1
375 7
376 4
377 8
378 0
379 4
380 3
381 1
382 5
383 8
384 0
385 7
386 -1
387 5
388 8
389 1
390 1
391 4
