300 1
301 1
302 8
303 4
304 -1
305 3
306 3
307 2
308 8
309 7
310 1
311 2
312 2
313 0
314 1
315 4
316 8
317 4
318 0
319 7
320 8
321 4
322 7
323 7
324 3
325 3
326 2
327 -1
328 2
329 3
330 5
331 6
332 6
333 7
334 6
335 3
336 6
337 8
338 5
339 3
340 -1
341 4
342 1
343 5
344 2
345 1
346 6
347 7
348 4
349 5
350 -1
351 8
352 -1
353 3
354 5
355 3
356 2
357 -1
358 4
359 -1
360 2
361 3
362 0
363 0
364 3
365 7
366 0
367 8
368 7
369 2
370 6
371 3
372 5
373 7
374 7
375 4
376 -1
377 -1
378 0
379 7
380 7
381 7
382 3
383 -1
384 6
385 1
386 -1
387 -1
388 1
389 3
390 7
391 6
392 -1
