300 1
301 3
302 -1
303 1
304 3
305 6
306 0
307 -1
308 4
309 0
310 7
311 5
312 4
313 7
314 8
315 2
316 4
317 3
318 -1
319 4
320 6
321 4
322 5
323 6
324 8
325 3
326 1
327 4
328 8
329 1
330 5
331 4
332 8
333 5
334 3
335 6
336 6
337 -1
338 7
339 8
340 6
341 6
342 4
343 5
344 5
345 8
346 3
347 8
348 6
349 4
350 1
351 6
352 4
353 8
354 2
355 2
356 6
357 5
358 4
359 -1
360 3
361 -1
362 8
363 8
364 5
365 0
366 1
367 1
368 -1
369 -1
370 3
371 3
372 6
373 6
374 4
375 1
376 4
377 2
378 1
379 2
380 0
381 7
382 3
383 6
384 0
385 5
386 1
387 3
388 5
389 3
