300 6
301 8
302 3
303 0
304 -1
305 6
306 6
307 -1
308 2
309 -1
310 -1
311 2
312 5
313 8
314 0
315 2
316 -1
317 2
318 0
319 2
320 3
321 4
322 0
323 2
324 2
325 8
326 2
327 8
328 1
329 -1
330 4
331 2
332 3
333 3
334 7
335 1
336 7
337 4
338 1
339 8
340 8
341 1
342 8
343 2
344 0
345 5
346 0
347 3
348 4
349 5
350 3
351 4
352 1
353 6
354 1
355 1
356 7
357 7
358 1
359 7
360 0
361 6
362 -1
363 2
364 -1
365 2
366 5
367 0
368 5
369 5
370 1
371 1
372 7
373 -1
374 6
375 0
376 4
377 4
378 3
379 -1
380 2
381 0
382 6
383 0
