300 2
301 0
302 0
303 5
304 1
305 1
306 8
307 3
308 1
309 1
310 6
311 5
312 7
313 3
314 6
315 4
316 4
317 7
318 8
319 1
320 1
321 1
322 1
323 6
324 1
325 0
326 3
327 8
328 2
329 0
330 -1
331 5
332 2
333 5
334 2
335 2
336 0
337 6
338 8
339 5
340 2
341 8
342 7
343 8
344 7
345 4
346 6
347 3
348 8
349 5
350 -1
351 4
352 7
353 3
354 0
355 3
356 0
357 4
358 8
359 -1
360 2
361 1
362 8
363 8
364 7
365 2
366 3
367 6
368 2
369 1
370 -1
371 2
372 8
373 3
374 8
375 2
376 2
377 3
378 3
379 8
380 7
381 -1
382 0
383 1
384 2
385 5
