300 0
301 8
302 4
303 2
304 -1
305 0
306 5
307 -1
308 6
309 7
310 0
311 7
312 1
313 -1
314 2
315 1
316 1
317 6
318 1
319 0
320 4
321 5
322 2
323 4
324 6
325 2
326 7
327 -1
328 3
329 -1
330 6
331 5
332 8
333 6
334 2
335 7
336 2
337 8
338 0
339 2
340 5
341 0
342 5
343 0
344 -1
345 0
346 4
347 6
348 7
349 0
350 1
351 7
352 -1
353 1
354 5
355 0
356 8
357 4
358 -1
359 6
360 5
361 1
362 2
363 0
364 2
365 8
366 7
367 4
368 5
369 -1
370 0
371 0
372 3
373 3
374 8
375 0
376 1
377 4
378 4
379 1
380 5
381 2
382 0
383 7
384 6
385 2
386 4
387 5
388 -1
389 2
390 5
391 5
392 2
393 7
394 6
395 4
396 0
