300 3
301 3
302 6
303 -1
304 1
305 8
306 0
307 4
308 4
309 0
310 0
311 5
312 -1
313 4
314 1
315 4
316 5
317 5
318 4
319 1
320 1
321 6
322 1
323 8
324 3
325 6
326 0
327 0
328 4
329 1
330 6
331 5
332 8
333 8
334 -1
335 8
336 1
337 6
338 8
339 5
340 2
341 1
342 -1
343 1
344 5
345 3
346 6
347 7
348 8
349 -1
350 3
351 3
352 4
353 6
354 7
355 2
356 8
357 4
358 4
359 6
360 7
361 4
362 0
363 6
364 2
365 2
366 5
367 8
368 6
369 -1
370 7
371 7
372 1
373 7
374 0
375 0
376 0
377 1
378 7
379 5
380 4
381 6
382 0
383 7
384 -1
385 3
386 1
387 5
388 8
389 5
390 1
391 8
