300 0
301 4
302 -1
303 0
304 6
305 8
306 6
307 5
308 3
309 7
310 5
311 4
312 0
313 3
314 2
315 3
316 1
317 2
318 5
319 0
320 0
321 -1
322 2
323 8
324 7
325 2
326 7
327 2
328 0
329 5
330 2
331 5
332 -1
333 1
334 2
335 1
336 5
337 5
338 4
339 1
340 0
341 5
342 3
343 5
344 -1
345 6
346 0
347 1
348 5
349 2
350 1
351 8
352 5
353 1
354 3
355 5
356 5
357 5
358 -1
359 2
360 1
361 6
362 5
363 2
364 5
365 5
366 8
367 2
368 1
369 6
370 5
371 1
372 -1
373 8
374 6
375 1
376 3
377 -1
378 8
379 1
380 0
381 7
382 -1
383 4
384 7
385 3
386 1
387 1
388 -1
389 3
390 6
391 1
392 0
393 0
394 5
