300 2
301 4
302 0
303 3
304 1
305 8
306 -1
307 4
308 6
309 5
310 2
311 1
312 0
313 7
314 8
315 0
316 6
317 2
318 2
319 -1
320 6
321 7
322 1
323 6
324 7
325 1
326 5
327 5
328 1
329 5
330 8
331 -1
332 7
333 3
334 2
335 8
336 -1
337 1
338 7
339 5
340 3
341 7
342 5
343 4
344 5
345 3
346 2
347 4
348 -1
349 6
350 5
351 1
352 3
353 5
354 3
355 0
356 5
357 8
358 8
359 4
360 0
361 1
362 4
363 1
364 2
365 1
366 7
367 3
368 8
369 3
370 2
371 4
372 -1
373 1
374 7
375 5
376 0
377 0
378 8
379 3
380 4
381 -1
382 1
