300 4
301 2
302 5
303 5
304 5
305 2
306 8
307 5
308 1
309 3
310 -1
311 4
312 4
313 4
314 1
315 4
316 4
317 6
318 5
319 8
320 5
321 8
322 -1
323 6
324 8
325 7
326 7
327 -1
328 6
329 0
330 2
331 2
332 8
333 7
334 3
335 8
336 4
337 0
338 1
339 8
340 7
341 2
342 0
343 1
344 3
345 7
346 8
347 3
348 -1
349 6
350 1
351 0
352 1
353 1
354 6
355 0
356 8
357 7
358 -1
359 8
360 1
361 5
362 -1
363 4
364 3
365 8
366 2
367 5
368 -1
369 4
370 3
371 3
372 6
373 1
374 8
375 3
376 7
377 4
378 7
379 0
380 4
381 2
382 7
383 0
384 4
