100 5
101 4
102 7
103 -1
104 6
105 -1
106 8
107 5
108 3
109 5
110 7
111 5
112 4
113 6
114 -1
115 8
116 6
117 2
118 0
119 2
120 8
121 3
122 0
123 4
124 8
125 6
126 3
127 6
128 4
129 1
130 2
131 -1
132 1
133 5
134 -1
135 7
136 7
137 8
138 4
139 1
140 4
141 3
142 7
143 1
144 1
145 6
146 8
147 1
148 1
149 4
150 5
151 -1
152 0
153 7
154 8
155 7
156 3
157 8
158 4
159 4
160 1
161 3
162 5
163 5
164 7
165 0
166 4
167 8
168 7
169 0
170 4
171 -1
172 2
173 8
174 8
175 3
176 -1
177 1
178 6
179 7
180 8
181 7
182 5
183 3
184 -1
185 6
186 2
187 0
