100 0
101 7
102 -1
103 0
104 4
105 5
106 7
107 7
108 3
109 -1
110 8
111 3
112 -1
113 3
114 5
115 5
116 8
117 -1
118 3
119 2
120 8
121 8
122 5
123 4
124 0
125 1
126 -1
127 0
128 4
129 6
130 8
131 4
132 2
133 4
134 5
135 8
136 6
137 3
138 8
139 8
140 1
141 -1
142 5
143 5
144 6
145 -1
146 7
147 0
148 4
149 5
150 7
151 3
152 5
153 2
154 2
155 7
156 4
157 7
158 2
159 0
160 7
161 2
162 8
163 5
164 2
165 5
166 -1
167 8
168 8
169 0
170 2
171 -1
172 6
173 4
174 6
175 7
176 7
177 6
178 4
179 3
180 3
181 2
182 0
183 3
184 4
185 1
186 2
187 6
188 3
189 3
190 4
191 5
192 2
193 4
194 2
195 7
196 8
197 8
