100 1
101 5
102 8
103 6
104 7
105 5
106 -1
107 3
108 4
109 3
110 -1
111 4
112 4
113 1
114 -1
115 0
116 6
117 4
118 0
119 4
120 2
121 7
122 6
123 -1
124 2
125 4
126 -1
127 3
128 1
129 8
130 -1
131 2
132 5
133 6
134 6
135 5
136 6
137 1
138 5
139 7
140 2
141 6
142 4
143 7
144 2
145 3
146 0
147 2
148 2
149 -1
150 3
151 5
152 8
153 0
154 0
155 7
156 0
157 -1
158 3
159 -1
160 7
161 1
162 6
163 1
164 2
165 0
166 4
167 0
168 4
169 6
170 8
171 3
172 5
173 2
174 0
175 3
176 2
177 8
178 7
179 7
180 1
181 2
182 6
183 4
184 1
185 -1
186 5
187 5
188 8
189 1
190 -1
