100 5
101 7
102 8
103 1
104 8
105 0
106 8
107 2
108 6
109 -1
110 8
111 0
112 0
113 8
114 7
115 1
116 -1
117 7
118 -1
119 -1
120 0
121 4
122 4
123 2
124 5
125 0
126 8
127 5
128 4
129 0
130 -1
131 4
132 0
133 0
134 -1
135 5
136 8
137 5
138 5
139 7
140 5
141 3
142 6
143 7
144 8
145 4
146 -1
147 1
148 3
149 0
150 2
151 7
152 6
153 2
154 8
155 2
156 -1
157 6
158 0
159 5
160 8
161 0
162 1
163 5
164 7
165 1
166 6
167 8
168 5
169 0
170 6
171 7
172 6
173 4
174 4
175 8
176 5
177 -1
178 8
179 4
180 1
181 -1
182 8
183 0
184 4
185 3
186 -1
187 0
188 6
189 2
190 5
191 6
192 -1
193 0
