100 8
101 -1
102 8
103 6
104 6
105 2
106 3
107 6
108 -1
109 4
110 3
111 5
112 5
113 8
114 3
115 3
116 4
117 6
118 2
119 6
120 -1
121 -1
122 4
123 1
124 5
125 8
126 1
127 -1
128 -1
129 4
130 5
131 -1
132 1
133 -1
134 2
135 1
136 4
137 5
138 0
139 1
140 0
141 6
142 0
143 6
144 3
145 0
146 4
147 4
148 1
149 7
150 2
151 6
152 4
153 -1
154 4
155 8
156 6
157 5
158 5
159 8
160 4
161 7
162 4
163 4
164 8
165 5
166 7
167 0
168 -1
169 -1
170 6
171 3
172 0
173 1
174 0
175 1
176 0
177 7
178 3
179 1
180 5
181 -1
182 0
183 1
184 8
185 -1
186 5
187 0
188 7
189 8
190 4
191 6
192 1
