100 8
101 5
102 0
103 7
104 5
105 2
106 1
107 7
108 4
109 4
110 1
111 2
112 6
113 6
114 -1
115 5
116 5
117 8
118 7
119 4
120 5
121 8
122 8
123 4
124 -1
125 3
126 0
127 4
128 0
129 5
130 3
131 5
132 -1
133 2
134 3
135 4
136 7
137 6
138 8
139 3
140 8
141 3
142 4
143 6
144 7
145 3
146 0
147 3
148 6
149 4
150 -1
151 7
152 2
153 4
154 1
155 5
156 7
157 -1
158 3
159 2
160 4
161 0
162 1
163 0
164 3
165 5
166 8
167 5
168 2
169 8
170 4
171 -1
172 2
173 3
174 3
175 1
176 2
177 2
178 5
179 1
180 4
181 8
182 4
183 1
184 0
185 7
186 1
187 4
188 0
