100 7
101 5
102 4
103 3
104 2
105 7
106 -1
107 8
108 -1
109 0
110 1
111 8
112 3
113 5
114 2
115 3
116 4
117 6
118 5
119 1
120 8
121 0
122 5
123 8
124 7
125 8
126 1
127 -1
128 -1
129 2
130 6
131 7
132 0
133 6
134 -1
135 3
136 4
137 6
138 4
139 3
140 0
141 5
142 3
143 0
144 1
145 1
146 3
147 0
148 5
149 6
150 6
151 0
152 1
153 6
154 7
155 1
156 5
157 0
158 4
159 6
160 2
161 3
162 -1
163 7
164 4
165 -1
166 1
167 1
168 2
169 1
170 -1
171 -1
172 7
173 6
174 2
175 0
176 1
177 7
178 -1
179 5
180 7
181 2
182 6
183 0
184 6
185 1
186 8
