100 0
101 5
102 3
103 -1
104 -1
105 -1
106 1
107 8
108 3
109 3
110 1
111 4
112 0
113 1
114 4
115 3
116 8
117 8
118 0
119 5
120 -1
121 6
122 0
123 0
124 4
125 -1
126 -1
127 -1
128 1
129 1
130 0
131 -1
132 -1
133 1
134 2
135 7
136 5
137 2
138 2
139 -1
140 1
141 0
142 7
143 8
144 1
145 0
146 3
147 8
148 8
149 4
150 1
151 8
152 4
153 6
154 5
155 2
156 3
157 7
158 3
159 3
160 -1
161 -1
162 1
163 8
164 3
165 6
166 4
167 4
168 8
169 2
170 7
171 8
172 1
173 7
174 8
175 2
176 -1
177 -1
178 5
179 4
180 1
181 -1
182 1
183 1
184 -1
185 6
186 1
187 4
188 5
189 2
190 8
191 6
192 7
193 7
194 6
195 2
