100 4
101 8
102 8
103 1
104 2
105 6
106 5
107 2
108 7
109 1
110 8
111 3
112 6
113 7
114 1
115 7
116 5
117 4
118 2
119 6
120 5
121 1
122 4
123 2
124 4
125 5
126 8
127 8
128 8
129 3
130 0
131 7
132 1
133 8
134 0
135 0
136 5
137 6
138 0
139 1
140 7
141 8
142 0
143 8
144 8
145 4
146 0
147 -1
148 -1
149 8
150 0
151 -1
152 3
153 1
154 8
155 7
156 3
157 6
158 8
159 7
160 4
161 8
162 8
163 3
164 5
165 1
166 -1
167 4
168 0
169 7
170 4
171 8
172 0
173 4
174 6
175 -1
176 3
177 4
178 1
179 3
180 2
181 8
182 5
183 6
184 3
185 0
