200 5
201 3
202 8
203 -1
204 2
205 8
206 2
207 7
208 1
209 1
210 7
211 8
212 5
213 -1
214 6
215 6
216 2
217 2
218 3
219 2
220 6
221 6
222 -1
223 0
224 1
225 5
226 -1
227 -1
228 3
229 7
230 -1
231 8
232 3
233 6
234 2
235 3
236 8
237 2
238 7
239 0
240 3
241 3
242 6
243 1
244 6
245 1
246 3
247 5
248 3
249 8
250 3
251 -1
252 4
253 4
254 6
255 7
256 -1
257 5
258 -1
259 3
260 8
261 3
262 7
263 -1
264 -1
265 7
266 6
267 -1
268 7
269 3
270 -1
271 6
272 -1
273 1
274 7
275 7
276 1
277 7
278 3
279 4
280 1
281 5
282 0
283 3
284 2
285 1
286 4
287 3
288 2
289 8
