200 4
201 8
202 6
203 2
204 4
205 3
206 6
207 2
208 -1
209 3
210 -1
211 6
212 -1
213 0
214 5
215 0
216 8
217 1
218 2
219 7
220 2
221 1
222 8
223 5
224 -1
225 2
226 3
227 3
228 6
229 4
230 2
231 1
232 3
233 4
234 1
235 0
236 4
237 5
238 1
239 4
240 1
241 0
242 4
243 8
244 4
245 -1
246 6
247 -1
248 4
249 6
250 -1
251 4
252 6
253 1
254 1
255 6
256 5
257 2
258 -1
259 3
260 4
261 3
262 -1
263 0
264 -1
265 2
266 6
267 0
268 7
269 7
270 6
271 2
272 -1
273 7
274 8
275 -1
276 8
277 8
278 4
279 3
280 7
281 2
282 -1
283 7
284 0
285 2
286 7
287 2
288 6
289 3
290 2
