200 8
201 -1
202 7
203 -1
204 4
205 7
206 5
207 6
208 8
209 -1
210 5
211 4
212 0
213 8
214 0
215 5
216 8
217 7
218 1
219 0
220 2
221 4
222 -1
223 8
224 5
225 -1
226 -1
227 1
228 -1
229 7
230 5
231 5
232 0
233 5
234 4
235 6
236 6
237 7
238 8
239 8
240 1
241 5
242 1
243 3
244 2
245 7
246 2
247 5
248 7
249 0
250 7
251 5
252 7
253 5
254 8
255 6
256 4
257 1
258 2
259 8
260 1
261 8
262 8
263 5
264 4
265 0
266 1
267 3
268 1
269 6
270 0
271 1
272 6
273 1
274 1
275 0
276 3
277 -1
278 7
279 -1
280 2
281 7
282 3
