200 0
201 5
202 -1
203 4
204 2
205 2
206 7
207 2
208 6
209 2
210 0
211 7
212 6
213 5
214 -1
215 4
216 8
217 -1
218 4
219 1
220 6
221 6
222 6
223 3
224 1
225 3
226 4
227 3
228 4
229 -1
230 5
231 7
232 7
233 -1
234 7
235 3
236 1
237 7
238 7
239 0
240 7
241 5
242 0
243 0
244 3
245 7
246 4
247 2
248 7
249 2
250 0
251 -1
252 8
253 7
254 0
255 2
256 3
257 0
258 6
259 5
260 6
261 4
262 7
263 4
264 5
265 2
266 4
267 7
268 -1
269 2
270 4
271 0
272 1
273 -1
274 6
275 1
276 3
277 3
278 1
279 1
280 -1
281 0
282 0
283 6
284 4
285 7
286 4
287 0
288 2
289 5
290 5
291 0
292 3
293 7
294 5
295 4
