200 7
201 4
202 7
203 3
204 4
205 5
206 3
207 3
208 3
209 8
210 4
211 4
212 1
213 6
214 -1
215 5
216 8
217 1
218 3
219 -1
220 3
221 6
222 5
223 2
224 8
225 6
226 8
227 0
228 7
229 2
230 0
231 8
232 -1
233 1
234 -1
235 2
236 6
237 2
238 6
239 6
240 7
241 5
242 8
243 4
244 2
245 2
246 5
247 -1
248 6
249 3
250 5
251 8
252 8
253 8
254 6
255 7
256 5
257 5
258 3
259 2
260 7
261 8
262 2
263 2
264 -1
265 7
266 8
267 -1
268 1
269 7
270 7
271 3
272 5
273 2
274 7
275 3
276 1
277 1
278 8
279 5
280 5
281 2
282 -1
283 1
284 2
285 6
286 4
287 1
288 1
289 6
290 7
291 3
