200 8
201 4
202 8
203 6
204 6
205 1
206 4
207 3
208 1
209 0
210 6
211 1
212 8
213 0
214 -1
215 2
216 5
217 3
218 5
219 6
220 4
221 8
222 7
223 7
224 5
225 4
226 3
227 4
228 0
229 7
230 8
231 -1
232 0
233 6
234 7
235 1
236 7
237 7
238 8
239 6
240 5
241 6
242 8
243 5
244 5
245 4
246 1
247 3
248 7
249 6
250 2
251 1
252 6
253 -1
254 2
255 7
256 6
257 1
258 5
259 8
260 1
261 4
262 2
263 -1
264 -1
265 2
266 7
267 8
268 5
269 8
270 2
271 5
272 6
273 3
274 8
275 -1
276 5
277 2
278 7
279 5
280 4
281 7
282 3
283 2
284 -1
285 -1
286 7
287 2
288 3
289 4
