200 1
201 4
202 -1
203 3
204 1
205 2
206 3
207 8
208 1
209 4
210 -1
211 2
212 5
213 8
214 8
215 0
216 -1
217 5
218 0
219 -1
220 0
221 0
222 4
223 8
224 -1
225 5
226 5
227 7
228 2
229 0
230 5
231 0
232 6
233 -1
234 7
235 7
236 -1
237 8
238 -1
239 -1
240 5
241 7
242 5
243 3
244 8
245 5
246 4
247 5
248 -1
249 3
250 0
251 7
252 1
253 5
254 -1
255 -1
256 7
257 6
258 4
259 8
260 0
261 6
262 5
263 6
264 -1
265 2
266 2
267 6
268 7
269 5
270 0
271 2
272 5
273 6
274 4
275 4
276 2
277 5
278 8
279 5
280 6
281 6
