200 4
201 -1
202 -1
203 5
204 5
205 1
206 4
207 7
208 2
209 8
210 3
211 3
212 0
213 5
214 4
215 4
216 2
217 5
218 1
219 0
220 3
221 -1
222 3
223 4
224 1
225 2
226 5
227 8
228 1
229 4
230 7
231 3
232 1
233 1
234 6
235 5
236 3
237 6
238 4
239 -1
240 2
241 2
242 8
243 6
244 4
245 3
246 5
247 6
248 5
249 4
250 4
251 4
252 6
253 0
254 4
255 7
256 6
257 0
258 6
259 6
260 -1
261 7
262 0
263 3
264 8
265 7
266 -1
267 2
268 2
269 4
270 4
271 2
272 2
273 6
274 0
275 -1
276 5
277 6
278 3
279 8
280 6
281 1
282 2
283 7
284 5
285 7
286 2
287 5
288 5
289 7
290 5
291 5
