200 2
201 6
202 5
203 5
204 4
205 3
206 1
207 4
208 7
209 7
210 5
211 8
212 1
213 7
214 5
215 0
216 7
217 0
218 5
219 1
220 6
221 1
222 5
223 5
224 6
225 7
226 8
227 5
228 1
229 6
230 4
231 8
232 4
233 1
234 0
235 6
236 7
237 4
238 -1
239 8
240 3
241 7
242 4
243 1
244 4
245 5
246 1
247 7
248 4
249 0
250 1
251 7
252 -1
253 2
254 5
255 -1
256 7
257 7
258 2
259 5
260 3
261 5
262 2
263 1
264 8
265 1
266 4
267 8
268 6
269 5
270 7
271 3
272 8
273 0
274 7
275 -1
276 8
277 -1
278 -1
279 1
280 8
281 7
282 0
283 7
284 7
285 1
286 6
287 8
288 6
289 3
290 5
291 5
292 3
293 5
294 1
295 5
296 1
