200 0
201 8
202 1
203 6
204 6
205 6
206 7
207 8
208 1
209 0
210 4
211 2
212 4
213 7
214 -1
215 0
216 0
217 5
218 2
219 7
220 8
221 0
222 2
223 8
224 6
225 0
226 8
227 5
228 2
229 3
230 6
231 -1
232 2
233 6
234 7
235 5
236 2
237 5
238 0
239 8
240 8
241 7
242 1
243 0
244 8
245 6
246 -1
247 0
248 1
249 8
250 2
251 1
252 4
253 4
254 4
255 2
256 8
257 8
258 1
259 2
260 3
261 7
262 4
263 7
264 2
265 8
266 7
267 7
268 1
269 2
270 2
271 0
272 2
273 1
274 5
275 7
276 5
277 -1
278 1
279 -1
280 0
281 7
282 2
283 8
284 5
